mjd	dtmin	re	ure	im	uim	abs	uabs	nsamp
57771.517664166655	0.0	1.5339955203569868	0.1799432154670028	0.07263052636777226	0.18372830865694348	1.5357139869896876	0.17995177061999482	6930
57771.51768731481	0.033333341125398874	1.9236867427276505	0.149330477586411	-0.03730613811434719	0.15015210905881368	1.9240484484770972	0.14933078732714422	9850
57771.51771046296	0.06666668225079775	1.9266740115850054	0.14924470365032003	-0.3201503100507643	0.15036303930299696	1.9530921555171579	0.1492748625007703	9850
57771.517733611116	0.10000002337619662	2.1397329169854333	0.15026351605116287	-0.03605011251780605	0.1500018423568185	2.1400365806788297	0.15026344185990811	9850
57771.51775675925	0.1333333330694586	2.0210672126720293	0.14992793539319857	0.03050108953533068	0.14924090482064734	2.0212973543248722	0.14992777931207515	9850
57771.5177799074	0.16666667419485748	1.6766288606015118	0.15074870712075836	-0.1548454314331333	0.14977858964005156	1.6837640701231384	0.1507405286753066	9850
57771.517803055554	0.20000001532025635	1.8474213267366006	0.15079227887331445	-0.22874299359926495	0.15005304927334295	1.8615286502232447	0.1507811439890737	9850
57771.517826203715	0.2333333669230342	1.7027220429367664	0.1504175869831101	-0.0484691529315254	0.15181193184081987	1.7034117571182414	0.15041872112765325	9850
57771.51784935184	0.2666666661389172	1.850816561290621	0.1508960487644201	0.009867122067850885	0.15021608114189797	1.850842863034445	0.15089602948248781	9850
57771.5178725	0.30000001774169505	1.8470062786202244	0.14960474744717575	-0.2006263121398198	0.1518642535083385	1.8578705849400152	0.14963129271651152	9850
57771.51789564813	0.333333327434957	2.0431300003682833	0.15104958267421456	-0.006306004936764431	0.1493384506687218	2.0431397319085067	0.15104956646622628	9850
57771.51791879631	0.3666666999924928	1.733741252264075	0.14972087135098272	-0.12536614262049886	0.15138664133691754	1.7382679308776727	0.14972958376965576	9850
57771.51794194443	0.3999999992083758	1.714903799578304	0.14934068022047553	0.06235523952045761	0.15262747240862687	1.7160370676951466	0.14934506766322053	9850
57771.51796509259	0.43333335081115365	2.0652402727249926	0.1511449216263934	0.05539135469963199	0.1507658603538372	2.065982958850499	0.15114464948451475	9850
57771.517988240725	0.46666666050441563	1.9676987350421156	0.14901372022773915	-0.14359995122813893	0.15070938876292483	1.9729316404475512	0.1490227541486123	9850
57771.5180113889	0.5000000330619514	1.7825820887968629	0.15141076674327494	-0.036469435437896734	0.1490239582602734	1.7829551096481777	0.1514097760034285	9850
57771.518034537025	0.5333333322778344	1.9606248094091128	0.15037756436397612	-0.1139046676327405	0.15113888878728862	1.9639307311051082	0.15038013177108253	9850
57771.518057685185	0.5666666838806123	1.776276229513084	0.14918603352386756	0.08248186123561872	0.15054721081485328	1.7781902319397973	0.14918897555746985	9850
57771.51808083332	0.5999999935738742	1.8588595793061586	0.14972866346959704	-0.14055685501409232	0.14923763455008301	1.864166077652343	0.1497258764933729	9850
57771.51810398149	0.63333336613141	1.7693941806260034	0.14856822509875497	0.0587427386378903	0.14999744241849344	1.7703690224853816	0.1485698062036059	9850
57771.518127129624	0.666666675824672	2.030938365991551	0.14963712668854046	0.14188563408185564	0.152244971226011	2.0358885479355795	0.14964990283887855	9850
57771.51815027778	0.7000000169500709	2.0350953991022998	0.14768419103710081	-0.1874773632426856	0.15035798353373422	2.0437125642261385	0.14770689313983565	9850
57771.51817342591	0.7333333266433328	1.8784822023927978	0.14824333366274262	0.00028059964518075976	0.15078278800835695	1.8784822233501857	0.1482433337198911	9850
57771.518196574085	0.7666666992008686	2.178288216049431	0.15315087788133172	0.10368111991753555	0.15072879987102294	2.1807543022557967	0.15314544620500423	9850
57771.51821972222	0.8000000088941306	2.239285422239895	0.15053444698096538	-0.10683714045266289	0.150580155878434	2.241832593401257	0.15053455080662034	9850
57771.51824287037	0.8333333500195295	1.9633285917463705	0.15081168807041148	0.05618306116377086	0.15089125746154916	1.9641323009233667	0.1508117531927242	9850
57771.5182660185	0.8666666597127914	1.8516883506979285	0.14885482118902701	-0.010523369620591826	0.15019610155970223	1.851718253249826	0.1488548647032853	9850
57771.51828916668	0.9000000322703272	1.9394522892693342	0.15033081845339213	0.08257639490116309	0.1507200981823411	1.9412094279976424	0.15033152377917589	9850
57771.51831231481	0.9333333419635892	1.5674112007471634	0.15302930562362388	-0.11465368670455492	0.15157275825501915	1.5715989755986133	0.15302159026045448	9850
57771.51833546296	0.9666666830889881	1.830400211280894	0.15087924942288627	-0.0744346848910852	0.15107895066442814	1.831913059010164	0.15087957934285212	9850
57771.518358611094	0.99999999278225	1.9647696488744384	0.15138968437028794	0.01481749956914426	0.15121255633036046	1.9648255218801656	0.1513896743024769	9850
57771.51838175927	1.0333333653397858	1.7632551442351518	0.14813871525487946	-0.03893933373329269	0.15108978720180594	1.76368505561036	0.14814016809230965	9850
57771.5184049074	1.0666666750330478	1.9963935801209765	0.1495385349765828	-0.10959872908297494	0.1498353255279374	1.999399711954779	0.14953942764736564	9850
57771.518428055555	1.1000000161584467	1.8175976390956332	0.1490201708884721	0.05484507970002935	0.1520124394395441	1.8184249119535627	0.14902292017277607	9850
57771.51845120369	1.1333333258517087	1.828895117198512	0.14812380387115445	-0.06655011418943119	0.1504940699035147	1.8301055345009984	0.1481269632284917	9850
57771.51847435186	1.1666666984092444	1.8643363691635495	0.14895657784873376	0.04340522442411642	0.15122271397537232	1.8648415779613114	0.14895781486486465	9850
57771.518497499994	1.2000000081025064	2.0183049800255843	0.15062802346023085	-0.10040102479918459	0.15161989343095136	2.0208006725495715	0.15063047991108705	9850
57771.518520648155	1.2333333597052842	2.019196178986606	0.1477584186650811	-0.00031495858526150105	0.15028682677557473	2.0191962035505666	0.1477584187271247	9850
57771.51854379628	1.2666666589211673	1.9806626324208776	0.15125410712805495	-0.08060491995836053	0.14989976259668558	1.9823021002334367	0.15125187783555444	9850
57771.518566944455	1.300000031478703	1.9949857042909618	0.15195321629593428	-0.007024037636781048	0.15059280959715574	1.9949980695304013	0.15195319950754443	9850
57771.518590092586	1.333333341171965	2.0026971313780852	0.1523774915149636	-0.24031970985615114	0.14997401818678927	2.0170645411030743	0.1523436392236354	9850
57771.51861324075	1.3666666927747428	1.9199774805292673	0.14923871323282376	0.2881993885232908	0.1503647164424248	1.94148716536698	0.1492636164666482	9850
57771.51863638887	1.3999999919906259	1.9770564916503381	0.15103504553337155	-0.08417891860075466	0.14975955453321588	1.9788477610755044	0.15103274713699194	9850
57771.51865953705	1.4333333645481616	1.8980768238787529	0.14957930882914827	0.2200793185890015	0.15140569345483318	1.9107931692928604	0.1496036830814762	9848
57771.51868268518	1.4666666742414236	1.6998497343387617	0.15052372367061492	-0.008310555886092528	0.15351352749389588	1.699870049348095	0.15052379584168457	9850
57771.51870583334	1.5000000258442014	1.8679625270586235	0.15000339469559673	-0.1176072915102941	0.15161189359020563	1.8716611545660784	0.15000977950349506	9850
57771.518728981464	1.5333333250600845	2.391120844157506	0.15133349373165011	0.12733706705110132	0.15053366826065934	2.3945090561552864	0.15133123779966198	9850
57771.518752129625	1.5666666766628623	2.0644823111163695	0.1501342688711919	-0.03237983953477423	0.1495295871231575	2.064736222116686	0.15013412045822747	9850
57771.51877527778	1.6000000177882612	2.007192541129222	0.14950739009867214	0.29563259676088416	0.15000552187510005	2.0288470936550067	0.14951798404469346	9850
57771.51879842593	1.63333335891366	2.118882858770491	0.15218163345512956	-0.030734005200285963	0.1516524216122715	2.1191057425874384	0.15218152233135368	9850
57771.51882157406	1.666666668606922	1.8831177658511913	0.15083797487316974	0.20718353746537185	0.15018428933131456	1.894480809684027	0.15083017355291065	9850
57771.51884472222	1.700000009732321	1.6888996618789023	0.15138419292453384	0.03256993377422957	0.14971397974106368	1.6892136834872988	0.15138357542738465	9850
57771.51886787037	1.7333333508577198	1.5435541361657792	0.15194561093537381	-0.05607873547680878	0.15142628052763826	1.5445724961448597	0.15194492752472347	9850
57771.518891018524	1.7666666919831187	1.5787217672125242	0.1491097005542859	-0.06885195508826904	0.1487134646504763	1.5802224558555396	0.14910894932312163	9850
57771.518914166656	1.8000000016763806	1.9052226950070017	0.1499247443790818	-0.040912608513203705	0.15085544417098837	1.9056619215131254	0.14992517468521516	9850
57771.51893731481	1.8333333428017795	1.593020484153049	0.15076303638696184	-0.11517766583687733	0.15195937697103856	1.597178812042924	0.15076928228673517	9850
57771.51896046296	1.8666666839271784	1.9584541610463417	0.1504612958992833	0.2113188143842468	0.15016655589907263	1.9698219062221067	0.1504579071394168	9850
57771.51898361112	1.9000000250525773	2.1230411136173095	0.1512422313753429	0.08393340623490958	0.14999872048790708	2.1246995991884643	0.1512402987933405	9850
57771.51900675925	1.9333333347458392	1.9092355409156805	0.15077925548705173	0.08835341058598917	0.1510105078356859	1.9112788064167319	0.15077975004467814	9850
57771.5190299074	1.9666666758712381	2.2163641855630947	0.1513619166030807	0.23733076999363276	0.14952149992532873	2.22903479053884	0.15134117836035682	9850
57771.519053055556	2.000000016996637	1.9724637450607867	0.15009602003828515	0.09828725811671052	0.15047757162002628	1.9749110386767614	0.1500969662817719	9850
57771.51907620371	2.033333358122036	1.9690704043408835	0.15223669922850602	0.00895337656519227	0.1513414900655569	1.96909075976784	0.1522366807746134	9850
57771.51909935184	2.066666667815298	1.7241077743307456	0.15117874347991064	0.13703534170238443	0.14991918323114822	1.7295451142954341	0.15117086905802543	9850
57771.519122499994	2.1000000089406967	1.992986313614162	0.15205516893008256	0.06534868694774196	0.15189498058946505	1.9940573956481695	0.15205499698064956	9850
57771.51914564815	2.1333333500660956	2.168103094031111	0.15156247924359145	-0.2915638144367271	0.15189908640115438	2.187619821686613	0.15156846501758955	9850
57771.5191687963	2.1666666911914945	1.918711833657191	0.15113690520772252	0.20431928301739993	0.15260838172668617	1.929559916154169	0.1511534835354047	9850
57771.51919194443	2.2000000008847564	1.9523098804394914	0.14934004352631472	0.1812461902369823	0.1501512292033274	1.9607049881961032	0.14934699379086727	9850
57771.51921509259	2.2333333420101553	2.0317477797839305	0.15103421721783156	-0.03173101037093711	0.15425327943762837	2.0319955456831327	0.15103501054842472	9850
57771.51923824074	2.266666683135554	1.818083742540622	0.14926771028742458	-0.07287933678562941	0.15013402430166933	1.819543869386179	0.14926910413575614	9850
57771.519261388894	2.300000024260953	1.8415461449722592	0.1499079056919703	-0.222557219083946	0.15023357615956312	1.8549457997010503	0.1499125988371913	9850
57771.519284537026	2.333333333954215	1.7904736209406567	0.1535880902442668	-0.02164161825951403	0.15108499215815632	1.7906044082725914	0.15358772757972428	9850
57771.51930768518	2.366666675079614	2.1173492132150793	0.1535425425268992	0.05970175670600522	0.14873202842583177	2.1181907351455154	0.15353878083004183	9850
57771.51933083333	2.400000016205013	2.1399977429830552	0.15120212440141162	0.18160450153174806	0.14968030810472155	2.147689580677144	0.1511912976810264	9850
57771.519353981486	2.4333333573304117	1.9338973900242609	0.15290844400904066	0.017441245851967605	0.1508222318939061	1.9339760371316697	0.15290827549397845	9850
57771.51937712962	2.4666666670236737	1.917599757650688	0.1482782057302958	0.06335419134154482	0.15005370923759231	1.9186460288710159	0.14828015320608012	9850
57771.51940027777	2.5000000081490725	1.8176694183945044	0.15236011160412355	0.015574669673441866	0.15026472547187764	1.8177361428166774	0.15235995883218922	9850
57771.519423425925	2.5333333492744714	1.8942049098520146	0.14866206744440877	0.07017564665030508	0.14989227532736052	1.8955043819232567	0.14866376058305367	9850
57771.51944657408	2.5666666903998703	1.9221542024180882	0.14857523858405575	0.12556458080073038	0.15316102733126166	1.9262510848342642	0.1485950239787052	9850
57771.51946972221	2.6000000000931323	1.8741121240581	0.1496142645005865	-0.02961022480524244	0.14932319575954567	1.8743460243387773	0.1496141919306261	9850
57771.519492870364	2.633333341218531	1.445455782660169	0.14907206807500317	0.11901851665364	0.1499820368543383	1.4503474848918636	0.14907821454787387	9850
57771.51951601852	2.66666668234393	1.8203135240554802	0.15176943086325245	-0.10023764654525827	0.14960867130000063	1.8230712853984108	0.15176294500373555	9850
57771.51953916667	2.700000023469329	1.7019295749827261	0.15132961951172602	0.011731350388644353	0.1500295851177408	1.7019700064286751	0.1513295580113652	9850
57771.5195623148	2.733333333162591	1.735249556436072	0.1471710354749377	0.18555739045447756	0.15115744626859645	1.7451425638794842	0.14721670765416867	9850
57771.5204187963	3.966666692867875	1.4837613680405008	0.5435292908845878	-0.8235674094340507	0.5577292806857725	1.697000611423382	0.5469069154750813	672
57771.52044194443	3.999999992083758	1.840048119757072	0.14297434301853051	-0.005811883851071318	0.14540124291546502	1.8400572982968313	0.1429743674355905	10660
57771.5204650926	4.033333364641294	1.7168534653419862	0.1461715297309731	0.012834594187727042	0.1458386157371499	1.716901438133462	0.14617151114818883	10660
57771.520488240734	4.066666674334556	1.8748640077067433	0.14583642212298004	-0.020878705905814105	0.14381343941188568	1.8749802579639319	0.14583617301730256	10660
57771.520511388895	4.100000025937334	1.6358742018806176	0.14491413175166556	-0.10017968194998492	0.1423206610087818	1.6389387947858662	0.14490452833261444	10660
57771.52053453702	4.133333325153217	1.7883036616610206	0.14641579834502136	0.006286661558296368	0.14699765715437516	1.7883147117953715	0.1464158055499877	10660
57771.52055768518	4.166666676755995	1.5093231561181655	0.14686588497361466	-0.13556956388354147	0.1473570849191425	1.5153994510511326	0.14686982272494895	10660
57771.520580833334	4.200000017881393	1.797539862885295	0.14554335354040135	-0.18204181016002705	0.14412817656325158	1.806734285750958	0.14552905573947872	10660
57771.52060398149	4.233333359006792	1.7683556879667413	0.1451896610562108	0.008204800883523752	0.14492233021161305	1.7683747221451298	0.1451896553066249	10660
57771.52062712962	4.266666668700054	1.863757483091495	0.14385391517850538	-0.02711086164994558	0.14545972953442238	1.863954654652024	0.14385425678648814	10660
57771.52065027777	4.300000009825453	1.8290177382711725	0.1476956373343989	-0.045529172060919464	0.14460479866939493	1.8295843223036068	0.14769374331001117	10660
57771.520673425926	4.333333350950852	1.743692426184421	0.1457058623249468	0.06857315799687776	0.14611704733977796	1.7450402732116466	0.14570649816237047	10660
57771.52069657408	4.366666692076251	1.7680209935084088	0.14357587667673297	-0.1603443095664691	0.14374733589388822	1.7752770293947953	0.1435772762408443	10660
57771.52071972221	4.400000001769513	1.863697662213385	0.14445623172221733	0.2959837368146107	0.14559710753845495	1.8870546755720612	0.14448440739826982	10660
57771.520742870365	4.433333342894912	1.9199449000339446	0.14335464646994983	0.0020817147039647594	0.1423668171164413	1.9199460285910284	0.14335464531264597	10660
57771.52076601852	4.466666684020311	1.4867022163228816	0.14372477308571488	-0.1289628239936723	0.14456575150791662	1.4922851235577574	0.14373107205553193	10660
57771.52078916667	4.5000000251457095	1.6569595900846867	0.14805364336469976	-0.01302853763766741	0.14421183354739972	1.6570108104555592	0.1480534089389629	10660
57771.520812314804	4.5333333348389715	1.7580990997944006	0.1446847148905024	-0.06107312807712046	0.14307652432988138	1.7591595640165807	0.1446827873216069	10660
57771.52083546296	4.56666667596437	1.997721675599444	0.14470767461919293	0.006012306455339164	0.14458622167378374	1.9977307228424863	0.14470767351959457	10660
57771.52085861111	4.600000017089769	1.7727924610269594	0.144482705453976	-0.10084183613116716	0.14402586346473345	1.7756582401431669	0.14448123434851456	10660
57771.520881759265	4.633333358215168	1.912135539066235	0.14415087255812684	0.1750181543335686	0.144357286729937	1.920128556661363	0.14415258870060446	10660
57771.5209049074	4.66666666790843	2.175103248216585	0.14636146488209548	0.09625877898952168	0.14643972441412062	2.177232163306176	0.14636161789368513	10660
57771.52092805555	4.700000009033829	1.8052676654414797	0.1457778180303547	0.021758784089011295	0.14372762726909952	1.805398789346432	0.14577752232924124	10660
57771.5209512037	4.733333350159228	2.009767586090247	0.14383438211976368	-0.06772124162245993	0.14417891941952637	2.010908231786301	0.14383477333955139	10660
57771.52097435186	4.766666691284627	1.6628215219345217	0.14581225089839717	-0.034335874085197074	0.1460447717935067	1.6631759876987864	0.1458123500792365	10660
57771.52099749999	4.800000000977889	1.771809950953617	0.1440318487935169	0.06160531666474719	0.14519426516390915	1.772880626928847	0.14403325803677014	10660
57771.52102064814	4.833333342103288	1.8932494011962566	0.14627030803413457	-0.10603749889485217	0.14345144156177192	1.8962165610240462	0.14626157780840762	10660
57771.521043796296	4.8666666832286865	2.173955256261348	0.1437434561432887	0.2668568948988339	0.1440095538964892	2.190272599148652	0.1437474097871713	10660
57771.52106694445	4.900000024354085	1.8541565582682407	0.1423902119645893	-0.0025852707159185447	0.145902082440655	1.8541583606029455	0.14239021887620829	10660
57771.52109009258	4.933333334047347	1.923765360630436	0.14682073693271988	-0.05141350305938543	0.1456952912604737	1.9244522626083476	0.1468199367335481	10660
57771.521113240735	4.966666675172746	1.8042937129304704	0.1456793875668347	0.01107613783097842	0.14370918266803545	1.8043277095222126	0.14567931382555985	10660
57771.52113638889	5.000000016298145	2.1576533255892816	0.1438003323085928	-0.021316805063751172	0.14243259938010563	2.1577586240366675	0.1438001994560956	10660
57771.52115953704	5.033333357423544	2.122372149282469	0.14307119190594828	0.06082627720742968	0.1451932127162709	2.1232435979059967	0.1430729463463928	10660
57771.521182685174	5.066666667116806	2.128501981165508	0.14394328289258745	-0.08408765960112095	0.14417686978843597	2.13016229858729	0.14394364717592356	10660
57771.52120583333	5.100000008242205	2.094508497207718	0.1439402963747138	0.13459763750002446	0.14319660998807865	2.098828808858865	0.1439372457280911	10660
57771.52122898148	5.133333349367604	1.8760938976786008	0.1448134943654921	-0.06354827836551603	0.1459058981226169	1.8771698635419505	0.14481475102235142	10660
57771.521252129634	5.1666666904930025	1.8887711445341528	0.1419038783131908	0.02660884277984466	0.1428131716264815	1.888958566760779	0.14190405932213934	10660
57771.521275277766	5.2000000001862645	1.8143382638077865	0.14816969874947733	-0.22942104369442928	0.14387650711151248	1.828785758585979	0.14810309772546001	10660
57771.52129842592	5.233333341311663	2.180958185033672	0.14487933564744088	0.1658029569059404	0.14488534024205788	2.187251523118482	0.14487937015225788	10660
57771.52132157407	5.266666682437062	1.5839072954203897	0.14632836359714116	0.01868067114822631	0.1451984576506774	1.5840174519115886	0.14632820705633773	10660
57771.52134472223	5.300000023562461	2.004275555632079	0.14539845070125776	0.08446213576483494	0.1426838332125884	2.0060544248056273	0.1453936833051786	10660
57771.52136787036	5.333333333255723	2.0928242901047396	0.14640616159213002	0.07997824764174764	0.1447184659594109	2.094351935408243	0.14640371460437943	10660
57771.52139101851	5.366666674381122	1.9482145109172593	0.1442988112094161	-0.030833518741467874	0.14401366250982026	1.9484584897879031	0.1442987398738603	10660
57771.521414166666	5.400000015506521	1.8189018818575888	0.14619546368314368	-0.12148015129873524	0.14415617778737178	1.8229540539971494	0.14618647054904987	10660
57771.52143731483	5.433333367109299	1.5981005869963736	0.14665825429568596	-0.024084845690145143	0.14498661426785736	1.5982820670801734	0.14665787686080237	10660
57771.52146046295	5.466666666325182	1.809273213410633	0.14401104154988634	0.04059431500176127	0.1449207150686993	1.8097285595292185	0.14401150070339303	10660
57771.52148361111	5.50000001792796	2.0195420988243984	0.14334065730846007	0.15842759473940438	0.14567328716120476	2.0257466751050015	0.1433550398235971	10660
57771.52150675926	5.5333333485759795	1.830384884032666	0.14557830872433233	0.1986394594890567	0.14617931391655303	1.841131841710794	0.1455853188303405	10660
57771.52152990742	5.566666700178757	1.910172780402482	0.14576982266024857	-0.10470526132186615	0.14509398565078274	1.9130403139346095	0.14576780277912657	10660
57771.52155305554	5.59999999939464	1.6968448185344418	0.14608959545140732	0.13896196481942433	0.14519305038674113	1.7025254082843104	0.1460836408733592	10660
57771.521576203704	5.633333350997418	1.7775628106942214	0.14664580144019107	-0.08709401898239401	0.14752041667568075	1.7796951744907459	0.1466479022779435	10660
57771.521599351836	5.66666666069068	1.5543286098810372	0.14748237525998212	0.10923387650700699	0.14519785461160276	1.5581622082669908	0.14747123426140138	10660
57771.52162250001	5.700000033248216	1.6200128319029756	0.1462505746587138	-0.06988324819148668	0.14712086482104875	1.6215194244621591	0.14625219592285363	10660
57771.521645648136	5.733333332464099	1.7084895281045198	0.14460857208607678	-0.125042024812697	0.1432065292116312	1.7130592446299293	0.14460113797183033	10660
57771.5216687963	5.766666684066877	1.6392270559365274	0.14491575603501483	0.174212326254545	0.1442967565275466	1.6484584542939975	0.14490885723009622	10660
57771.52169194443	5.799999993760139	1.835211745287758	0.14382247689505262	0.1247854780486666	0.14461852059409694	1.8394492560475741	0.14382615042904526	10660
57771.521715092604	5.8333333663176745	1.6309562901286618	0.14581598106015115	-0.13275855386474278	0.14499371465367356	1.636350590165355	0.1458105838831832	10660
57771.521738240735	5.8666666760109365	1.8380018860958083	0.1444342524209943	0.027241726404876022	0.14350975703983226	1.8382037550144616	0.14443405002828688	10660
57771.52176138889	5.900000017136335	1.7112153278134585	0.14267470823699546	0.3246925580928598	0.14682420943274993	1.7417471559972784	0.14282093194992554	10660
57771.52178453702	5.933333326829597	1.6541951687116132	0.14234918243089917	0.06351156502168079	0.14530526223231474	1.6554139588273218	0.14235357873744076	10660
57771.521807685196	5.966666699387133	1.5705498302264336	0.1445472165305075	-0.10878871564543725	0.14427102079474677	1.5743131054132984	0.14454589891314062	10660
57771.52183083333	6.000000009080395	1.6773829942045546	0.144691074614099	0.0022988769912654066	0.14226588393414438	1.6773845695254435	0.1446910700970261	10660
57771.52185398148	6.033333350205794	1.986154820323712	0.1440349422043688	-0.12587147477173305	0.14554969837036222	1.9901393414674078	0.1440410333485882	10660
57771.52187712961	6.066666659899056	1.8745554899033325	0.14485714886408527	-0.08011231755094662	0.14253753611095463	1.8762665770487164	0.14485295378563928	10660
57771.52190027779	6.100000032456592	1.6447794184427755	0.14678136591531937	0.14193426642023863	0.14511793267698517	1.6508920834861394	0.14676913968032398	10660
57771.52192342592	6.133333342149854	1.6276715402170923	0.14329298207078137	0.08160920922547141	0.14652823232431744	1.6297161427264222	0.14330118606050413	10660
57771.521946574074	6.166666683275253	1.928261834474473	0.14376203017433975	0.04531076331876678	0.14354784752311003	1.9287941226484981	0.14376191206293304	10660
57771.521969722206	6.199999992968515	1.7206480526362224	0.14358843398148471	0.0382831248439835	0.14411178161124477	1.721073885307846	0.1435886933972296	10660
57771.52199287038	6.23333336552605	1.6589281177984658	0.14528649990290718	-0.06817767627983237	0.14503433531370172	1.6603284902588638	0.14528607508380986	10660
57771.52201601851	6.266666675219312	1.741109065084985	0.14291629969616543	-0.13946153588523885	0.14365012137508315	1.7466855173478082	0.14292098973459888	10660
57771.522039166666	6.300000016344711	1.6420044654149648	0.14382987770708608	-0.0038178533684899364	0.14532497007021694	1.642008903887865	0.1438298858317771	10660
57771.5220623148	6.333333326037973	1.7581888745622458	0.14347357714901732	-0.024582196451758503	0.14391871046600893	1.7583607147047073	0.1434736642832041	10660
57771.52208546297	6.366666698595509	1.5370007382706976	0.14673463502978412	0.03455093516448711	0.14452615189210558	1.5373890322769348	0.14673352797995595	10660
57771.522108611105	6.400000008288771	1.836528379644537	0.14379065678867606	0.0789999561969706	0.14489962696322908	1.8382267222295818	0.14379271288670162	10660
57771.52213175926	6.43333334941417	1.197125979477196	0.14525572763817848	0.0688180846324707	0.14655345336210526	1.1991023890859853	0.14526002107236863	10660
57771.52215490739	6.466666659107432	1.4506310192475014	0.14517120166052763	-0.06427821112767024	0.14542024273971663	1.4520544213041116	0.1451716900928453	10660
57771.522178055566	6.5000000316649675	1.8845650051844633	0.14382847390070827	0.14296410264971104	0.14468034246914563	1.889979892330168	0.1438333625521404	10660
57771.5222012037	6.5333333413582295	1.5653392649969986	0.14569889664180172	0.057413533974165744	0.1450321209440045	1.566391818296031	0.1456980028961293	10660
57771.52222435186	6.566666692961007	1.7808666990117252	0.1446066829744847	0.06334118913322767	0.14537516296888203	1.7819927906391007	0.14460765649272642	10660
57771.52224749998	6.59999999217689	1.5630973960638292	0.14333989287863824	-0.3011624610124339	0.14444328764589248	1.591845563333513	0.14337953336928366	10660
57771.52227064816	6.633333364734426	1.7486098117750666	0.14371825253781462	-0.15689626983678692	0.14507438015832352	1.755634561440601	0.1437291339509716	10660
57771.52229379629	6.666666674427688	1.8763097713523764	0.14433570570584633	-0.0004742291361592866	0.1448764975807395	1.8763098312820516	0.144335705740457	10660
57771.52231694445	6.700000026030466	1.6381674174333638	0.14582545595058835	0.03884406721545409	0.14631805007968368	1.6386278860980414	0.14582573322540576	10660
57771.522340092575	6.733333325246349	1.9728792032426032	0.14476217689499102	0.23523964060496652	0.14292981238731464	1.986854307466736	0.14473665095166796	10660
57771.52319657407	7.966666674474254	2.0780343041053024	0.1747050436515616	-0.03811019800790241	0.17175623379754382	2.0783837365199456	0.17470406055043344	7612
57771.52321972222	8.000000015599653	1.9585741535929606	0.14500186692835754	0.14510818178672918	0.14494127737838974	1.9639422342685724	0.1450015362286139	10660
57771.523242870375	8.033333356725052	1.679288280101994	0.14321748453088357	0.054466952280336746	0.14625038150276107	1.68017135333829	0.1432207054965409	10660
57771.52326601851	8.066666666418314	1.7602466037946642	0.14473110558085725	0.20454000764960562	0.14315582506944927	1.7720904945571911	0.14471023165977343	10660
57771.52328916666	8.100000007543713	1.7023977726390593	0.14290644778865846	-0.02593444826052739	0.14573008875394283	1.7025953047900162	0.1429071094094078	10660
57771.523312314814	8.133333348669112	1.8342759235169332	0.14498246168546378	0.048745472180883806	0.14266876424441383	1.8349235092101348	0.14498084188175192	10660
57771.523335462975	8.16666670027189	2.0506877861182797	0.14468568330577833	-0.17169390453687175	0.14567771639942537	2.0578627731191914	0.14469261244058976	10660
57771.5233586111	8.199999999487773	1.7167017247331697	0.14445849731301863	-0.061192967007494076	0.1456130875080154	1.7177920103764075	0.14445996833654312	10660
57771.52338175926	8.23333335109055	1.8861407214125998	0.1444695556956897	0.03572281127009599	0.1449689670904535	1.8864789795319432	0.14446973508456015	10660
57771.52340490739	8.266666660783812	1.7099330430925908	0.1438951273842095	-0.008104947623141604	0.14492296151282305	1.7099522513906233	0.14389515055835686	10660
57771.52342805557	8.300000033341348	1.9631456667989597	0.14474320776022195	-0.0709922957190949	0.14610601148998303	1.9644288775934342	0.14474499597700138	10660
57771.52345120369	8.333333332557231	2.0246936660357107	0.14520556050741185	0.07764922167492265	0.14446728572205017	2.026182085329906	0.1452044789950991	10660
57771.52347435185	8.366666684160009	1.7822551372023456	0.14547118064836514	0.23351156937530257	0.14523357734274073	1.7974874205724691	0.14546717393083752	10660
57771.523497499984	8.399999993853271	1.8116827908160025	0.14538454194604775	0.07507019195219061	0.14432057025695	1.8132374550120562	0.14538272489801995	10660
57771.52352064816	8.433333366410807	1.8882406026957181	0.14516250431393557	-0.026496354297104233	0.14583843001730318	1.8884264959112724	0.14516263769088253	10660
57771.523543796284	8.46666666562669	1.740769673065206	0.14550019054500254	-0.17441287668838215	0.14340860196116129	1.7494853260940089	0.1454795504947221	10660
57771.523566944445	8.500000017229468	1.828993298247026	0.1454769431413979	0.10851524536966714	0.14733338540387844	1.8322096068709426	0.1454834965175424	10660
57771.523590092576	8.53333332692273	2.014503212639228	0.14548989509524976	0.038703489646394564	0.14599133876960946	2.0148749722612016	0.14549008043718673	10660
57771.52361324075	8.566666699480265	1.898322622691157	0.145077043968446	-0.2703515574894469	0.1445140686086349	1.9174771822522432	0.14506587379324343	10660
57771.52363638888	8.600000009173527	1.7679437314491964	0.14454598834058774	0.03507273705051471	0.1451976644820602	1.7682915863778583	0.1445462452860102	10660
57771.52365953704	8.633333350298926	1.9372429279749022	0.14551580064241604	0.2873970755210292	0.1455389882745103	1.9584451079891958	0.14551630002355845	10660
57771.52368268517	8.666666659992188	2.0117059102751766	0.14618818084851695	-0.04828984098690649	0.14512424476774768	2.0122854117094366	0.1461875703767423	10660
57771.523705833344	8.700000032549724	1.977713570950189	0.14529047521054997	0.21697791848567305	0.145747824784165	1.9895804547268057	0.14529592313663728	10660
57771.523728981476	8.733333342242986	1.7974919949771528	0.14331619596009537	0.15434869039883983	0.1444731525617177	1.8041067014549836	0.14332469823402486	10660
57771.52375212963	8.766666683368385	1.8919698984032605	0.1473294094961591	0.01458863586177934	0.14566949511653823	1.8920261427264558	0.14732931136487376	10660
57771.52377527776	8.799999993061647	1.9773827293664012	0.14476769929221797	-0.10576536033111839	0.14445749200716054	1.9802092742542363	0.14476681529175206	10660
57771.52379842594	8.833333365619183	1.8674876970438579	0.14477049727225252	0.15006945751399048	0.14426877730138274	1.873507710336073	0.14476728371041714	10660
57771.52382157407	8.866666675312445	1.843882186424841	0.14714681890545078	-0.2167401291696965	0.14535387853421886	1.8565769041457314	0.14712253041678866	10660
57771.52384472222	8.900000016437843	1.8525531534845372	0.14678196415522426	0.11517183708874827	0.14522742880029868	1.856129774165562	0.14677601055791706	10660
57771.52386787035	8.933333326131105	2.1250135927387817	0.14382327037407439	-0.010374719261206101	0.14517353137677014	2.1250389182611062	0.1438233027088974	10660
57771.52389101853	8.966666698688641	2.2245854146809734	0.145949079566831	-0.005134847653053651	0.1440206894370396	2.22459134086954	0.14594906936047006	10660
57771.52391416666	9.000000008381903	1.9744590227791405	0.1445780820193181	-0.05140874251819363	0.1441892135482319	1.9751281708894897	0.1445778189306915	10660
57771.523937314814	9.033333349507302	2.02024172941232	0.14514320394624466	0.15444146287968205	0.14698356110352284	2.0261364245073175	0.14515396416522833	10660
57771.523960462946	9.066666659200564	1.9967744339122198	0.1444637914343142	-0.3608930131179322	0.1446110350703569	2.0291258972382185	0.1444684514755444	10660
57771.52398361112	9.1000000317581	1.935992613270822	0.14341617595425002	0.13751991475337894	0.1424164419314992	1.9408707132606653	0.14341117429992298	10660
57771.52400675925	9.133333341451362	1.6573683054073578	0.1444437735865229	-0.03097147358645192	0.14439457551811472	1.6576576642796224	0.144443756415026	10660
57771.524029907414	9.16666669305414	2.140938132646983	0.14485259047398086	-0.16726094045853243	0.14347659808940402	2.1474618297015255	0.14484428242601594	10660
57771.52405305554	9.199999992270023	1.8135991736549728	0.14608376199459305	0.09304043167751157	0.14274309415712957	1.815984164195475	0.14607509295204485	10660
57771.524076203714	9.233333364827558	1.8263992119830461	0.1446565965654801	-0.031524713250924104	0.14602967239273396	1.826671259170036	0.1446570074612614	10660
57771.524099351846	9.26666667452082	1.8382489313268948	0.14382802064573347	0.01861181093114576	0.14635524355118873	1.838343148879068	0.14382828196180414	10660
57771.524122500006	9.300000026123598	1.8469661056372249	0.1453440112759104	-0.18988842974159734	0.14366062785670444	1.856701756104751	0.1453265047654474	10660
57771.52414564813	9.333333325339481	1.7479665938025417	0.14483649702716814	-0.1957503002321055	0.14502556999643718	1.7588932295880324	0.14483884036674385	10660
57771.524168796306	9.366666697897017	2.0886483698697424	0.14412521924970745	0.07454266201969752	0.14576535696499404	2.089978138981486	0.14412731754972305	10660
57771.52419194444	9.400000007590279	2.0504670516952967	0.14668485018554886	-0.05172141608923198	0.14500252125921662	2.0511192639557256	0.14668378659653342	10660
57771.5242150926	9.433333359193057	1.9696342631029773	0.1445542051158864	-0.04517331745871384	0.14686882318841876	1.9701522172155719	0.14455543172177757	10660
57771.52423824072	9.46666665840894	1.9512119826592744	0.1444432718499194	-0.04887030296338113	0.14652173274864483	1.9518238926155376	0.1444445842375655	10660
57771.524261388884	9.500000010011718	1.8949218920994964	0.14315227260452704	-0.15785749859589748	0.1468960740505273	1.9014857262206544	0.14317840983742175	10660
57771.52428453704	9.533333351137117	1.6203151348064526	0.144114391610312	0.08609343947398307	0.14392205526864066	1.6226007569341614	0.14411385049598646	10660
57771.52430768519	9.566666692262515	1.586321783682632	0.14538323869389508	-0.10613791333742685	0.14549073740335178	1.5898685662763667	0.14538371796551364	10660
57771.52433083332	9.600000001955777	1.7879041642729914	0.14389171674890966	0.14515968279129274	0.1445181699896397	1.7937872321244714	0.14389582802813985	10660
57771.52435398148	9.633333343081176	1.7859747800260901	0.14740877409551578	-0.019317596085184144	0.14466513311103213	1.7860792491957773	0.14740845613595163	10660
57771.52437712963	9.666666684206575	1.8990136689710548	0.14477188202348923	0.033041075953487056	0.14269063759746772	1.8993010892533788	0.14477125668988763	10660
57771.52440027778	9.700000025331974	1.9852733129081301	0.14636870030033913	0.022400881363848133	0.14375623422447018	1.9853996893399324	0.14636837069646721	10660
57771.524423425915	9.733333335025236	1.833433159111359	0.1436177228165761	0.00840245899411629	0.1447916237290139	1.8334524128665586	0.1436177475723336	10660
57771.52444657407	9.766666676150635	1.72852833673582	0.14307045235289417	-0.237072941778232	0.14412463761750158	1.7447102311335498	0.14308998682683893	10660
57771.52446972222	9.800000017276034	1.790586471958327	0.14478669409418712	-0.14771290798831785	0.14320173181861326	1.796668866749389	0.14477603912720727	10660
57771.524492870376	9.833333358401433	1.5863265837824139	0.1452398179148281	0.0828912197941723	0.14520593046541697	1.5884907883691832	0.145239725650035	10660
57771.52451601851	9.866666668094695	1.9000527695873775	0.1441315946583121	0.046962938654679126	0.14381852559885397	1.9006330642245879	0.14413140372465896	10660
57771.52453916666	9.900000009220093	1.9073398426495163	0.14452629822115542	-0.0659564685959927	0.14535766294371	1.9084799006298012	0.14452729403237932	10660
57771.524562314815	9.933333350345492	1.6707217544261332	0.14502557944154562	0.0812947466995281	0.14466992372682871	1.6726984236716662	0.1450247403914993	10660
57771.52458546297	9.966666691470891	1.7791460929034908	0.14443666135626476	-0.07319774272208794	0.1478734164707883	1.780651209370708	0.1444425377889234	10660
57771.5246086111	10.000000001164153	1.7484616382701295	0.14414629708607868	0.10865739115915724	0.1429179809806743	1.7518346180949214	0.14414159170025267	10660
57771.524631759254	10.033333342289552	1.6703639451617758	0.14394892729891345	0.22258775691804017	0.14465529105380656	1.6851293774740908	0.1439612813690639	10660
57771.52465490741	10.066666683414951	1.6852605284116553	0.14453632889206883	-0.226205194288426	0.1447693596851054	1.7003740290140272	0.14454045626099862	10660
57771.52467805556	10.10000002454035	1.9976533610725333	0.14403481186605263	0.1945518605875664	0.1455537181713745	2.0071047250859815	0.14404915763920706	10660
57771.52470120369	10.133333334233612	1.780199375763393	0.14491460911342025	0.15226929705501985	0.1446902639868732	1.786699682737422	0.1449129809261888	10660
57771.524724351846	10.16666667535901	1.3936711721982447	0.14472145945062928	0.06263447044871884	0.14391891886082553	1.3950779236676425	0.14471984623110098	10660
57771.5247475	10.20000001648441	1.4622492944760297	0.14492814756294783	-0.2051242437949758	0.14379776202997827	1.4765666102780828	0.14490641604450108	10660
57771.52477064815	10.233333357609808	1.7986377423422955	0.14356892260209594	0.030371399124070473	0.14257923828403973	1.798894146430785	0.14356864146638365	10660
57771.524793796285	10.26666666730307	1.7261274435790948	0.14340006343364706	-0.09252764556668744	0.14389840068403448	1.7286055989354585	0.14340149373102667	10660
57771.52481694444	10.30000000842847	1.5974525327931588	0.1446581572160129	-0.45717491469477	0.1450858601683221	1.661584634363669	0.14469058034947418	10660
57771.52484009259	10.333333349553868	1.42041273134457	0.14406438579164635	-0.31954012797574466	0.1441056074327516	1.4559114742155501	0.14406637172781356	10660
57771.524863240746	10.366666690679267	1.596476258670074	0.1450097673829024	0.1106544116954927	0.14543440646329306	1.6003064841850991	0.14501180059867885	10660
57771.52488638888	10.400000000372529	1.651203688499047	0.14355002936427796	0.0177463680469793	0.14544198610459907	1.6512990505937188	0.14355024931780877	10660
57771.52490953703	10.433333341497928	1.747448313519989	0.14550416297148416	-0.15024193413665507	0.14394500954019346	1.7538951642549725	0.14549278282619574	10660
57771.524932685184	10.466666682623327	1.7544841491925998	0.14475076506666743	0.11245409450257202	0.1450426288525114	1.758084341872845	0.1447519603948797	10660
57771.52495583334	10.500000023748726	1.5950848006539533	0.14483625639738787	-0.019161506277358444	0.14453308911830828	1.5951998886033307	0.1448362126998772	10660
57771.52497898147	10.533333333441988	1.8173280207930333	0.14477887225847896	0.037680248029331086	0.1444509064854167	1.8177186075548315	0.14477873148827056	10660
57771.52500212962	10.566666674567387	1.333852945614704	0.14395810223758665	-0.09995633303852361	0.1431905806112086	1.3375929683724905	0.14395382749009467	10660
57771.52502527778	10.600000015692785	1.5244857826201479	0.14691657885608322	-0.18117754504472	0.1449181970843412	1.5352140581167815	0.14688893323017987	10660
57771.52504842593	10.633333356818184	1.6570845707382913	0.14697977194101638	0.036955769997149446	0.14588248267758758	1.6574966073916981	0.14697922849428116	10660
57771.52507157406	10.666666666511446	1.424301275900694	0.14563852390078236	-0.18303049862184648	0.1443215609400238	1.436013331399854	0.14561722450638284	10660
57771.525094722216	10.700000007636845	1.3908106123062753	0.14554758830079412	-0.14136790922362116	0.1463499868264558	1.397976768427149	0.14555581593710706	10660
57771.52595120369	11.933333325432613	-0.3204849176448797	2.474397753899014	4.378977532198946	2.8355295145599952	4.390689559732163	2.8337274188768102	32
57771.52597435186	11.96666669799015	1.4479716854858204	0.1440540946971085	0.05377315251394701	0.14619489651431977	1.4489698250481051	0.14405706499096504	11076
57771.52599749999	12.000000007683411	1.2108984736041886	0.14431706009643563	0.03992265402305353	0.14546480790035296	1.2115564087904445	0.14431831127604597	11076
57771.526020648154	12.033333359286189	1.3589607297152608	0.14316868447081346	-0.07296227207330883	0.14542630692307273	1.3609179835884062	0.14317522457924664	11076
57771.52604379628	12.066666658502072	1.3309313227746289	0.14509449180071887	-0.03676153210681348	0.14190771852651252	1.3314389194347083	0.1450920890772349	11076
57771.52606694444	12.10000001010485	1.3584191705294615	0.14442052215516832	-0.01462869973563185	0.1447353081891771	1.3584979358533842	0.144420558696295	11076
57771.52609009259	12.133333351230249	1.3707928999544394	0.1451137181265862	-0.32635042775936723	0.14638161579447362	1.4091053105656168	0.14518200805185127	11076
57771.52611324075	12.166666692355648	1.3279050046783674	0.18615683696885407	0.053911807753011604	0.1810248939112074	1.3289989407313507	0.18614850817444153	11050
57771.52613638887	12.19999999157153	1.4866904861525043	0.16505000474499862	0.04015934062725399	0.15436318578564387	1.4872327908757208	0.16504246457868704	10692
57771.52615953703	12.233333343174309	1.3777966398424821	0.14476513409283592	-0.26767240226765315	0.14340547598923936	1.403556944230255	0.1447159067499708	10660
57771.526182685186	12.266666684299707	1.309094676897043	0.14373443092314095	-0.03818440043515277	0.14272066056734303	1.3096514503931058	0.14373357217241656	10660
57771.52620583334	12.300000025425106	1.4283630544095036	0.14272623249587127	0.03092401864156628	0.14265350393003828	1.4286977672450498	0.14272619843109577	10660
57771.52622898147	12.333333335118368	1.275082686226664	0.14493609731290497	-0.06297506022217192	0.1436126439982856	1.2766368766900758	0.14493289157164366	10660
57771.526252129624	12.366666676243767	1.2332184493153426	0.14519619784939525	-0.06675573162288846	0.14443240142905847	1.2350239153296771	0.14519397216522678	10660
57771.52627527778	12.400000017369166	1.2591834580636032	0.14415844290018057	-0.33650900349896523	0.14377649985981245	1.30337304349019	0.14413301461301348	10660
57771.52629842593	12.433333358494565	1.4659476087216214	0.14384684627828256	-0.2238579981256052	0.14289182508596643	1.4829412647982534	0.1438251543072949	10660
57771.52632157406	12.466666668187827	1.2734568822924057	0.1437653573200606	-0.08990290396190811	0.14459899821084737	1.2766263992251916	0.14376950351653295	10660
57771.52634472222	12.500000009313226	1.0838768633925226	0.14498299391358874	0.12655478274652995	0.14486532924788428	1.0912401972222407	0.1449814119787816	10660
57771.52636787037	12.533333350438625	1.1280962017487686	0.14320104298952904	-0.1572422614134204	0.14602252117223916	1.1390022691699981	0.14325533566659218	10660
57771.526391018524	12.566666691564023	1.258912520375253	0.1438315618093992	-0.2618581442440973	0.14291903444385934	1.285857854377588	0.14379383333484294	10660
57771.526414166656	12.600000001257285	1.1952049428836649	0.14447313393443434	0.07833523971833381	0.1428311010942006	1.1977692871648	0.1444661502391501	10660
57771.52643731481	12.633333342382684	1.4201029822525904	0.14446928631664516	-0.11982174531971838	0.14309636245719218	1.425149020577906	0.14445962707169907	10660
57771.52646046296	12.666666683508083	1.3628854241927397	0.1460751999648853	0.07736869710677188	0.14566558440213215	1.3650797027166668	0.1460738860004472	10660
57771.52648361112	12.700000024633482	1.553786201344259	0.14377321131018295	-0.04328964090952334	0.14386261341056417	1.55438912518645	0.1437732806736979	10660
57771.52650675925	12.733333334326744	1.2990678585843796	0.14406979214711266	-0.14044841639454975	0.14379754114786522	1.306638074936875	0.14406664956413665	10660
57771.5265299074	12.766666675452143	1.3340656465824672	0.14277436831535786	-0.24137210598255496	0.14593702061442684	1.3557255042736158	0.1428756921624929	10660
57771.526553055555	12.800000016577542	1.2899622648637077	0.14387406907265757	-0.0710355202455272	0.14372426440561384	1.2919166729742515	0.14387361640236443	10660
57771.52657620371	12.83333335770294	1.2257118983811974	0.14573013779665175	0.10294687666287451	0.1429535018309366	1.2300275270285133	0.14571087199244373	10660
57771.52659935184	12.866666667396203	1.2549889195286008	0.14551569575137613	-0.0334947879673114	0.14386075280550362	1.2554358163444836	0.14551452443677404	10660
57771.526622499994	12.900000008521602	1.3866601503067448	0.1428021345834023	-0.009064920584784447	0.14555316354472342	1.386689779739482	0.14280225327708376	10660
57771.52664564815	12.933333349647	1.484391544433911	0.14456426180932933	-0.046884453631924464	0.14386263488106152	1.48513178175516	0.1445635642520908	10660
57771.5266687963	12.9666666907724	1.2383707722683457	0.1429378960889164	-0.3280514662004421	0.14380928519274075	1.2810854515155337	0.1429951987282059	10660
57771.52669194443	13.000000000465661	1.1959322543400406	0.1459976652567054	-0.02673441838425514	0.15030154054905612	1.196231033746072	0.14599984659169626	10662
57771.52671509259	13.03333334159106	1.2871300079460362	0.15009721744944413	-0.2416965566934981	0.1563024824627825	1.3096262378528678	0.15031278355445374	10706
57771.52673824074	13.066666682716459	1.7508441261284802	0.1756488329841785	0.07874413661092203	0.1775320543823841	1.7526139886036518	0.1756526549120622	11074
57771.526761388894	13.100000023841858	1.3872108463775608	0.1428720716992653	-0.06565105298416153	0.14250637654975196	1.3887634762858208	0.142871255509594	11076
57771.526784537025	13.13333333353512	1.3536753265643497	0.1432825438891832	0.26495897410854763	0.14434541522127037	1.3793622249828914	0.14332190156836092	11076
57771.52680768518	13.166666674660519	1.197064299866476	0.1419414587014318	0.14174844803639305	0.14241991633253984	1.205427542631884	0.1419480857338932	11076
57771.52683083333	13.200000015785918	1.4515443969010358	0.14196280267035308	0.13587567234636708	0.14210097386364914	1.4578900282635754	0.14196400344317348	11076
57771.526853981486	13.233333356911317	1.1695134304163426	0.14226211265539918	-0.024843853703786334	0.14253552057498295	1.169777278370142	0.14226223609644476	11076
57771.52687712962	13.266666666604578	1.5290229338793047	0.1416824957529068	0.2745237399915179	0.14420568244497387	1.5534717300768002	0.14176197078363673	11076
57771.52690027777	13.300000007729977	1.4897183198807362	0.14259274093515112	0.07350190730662925	0.14529479794000383	1.491530490122812	0.14259936482070573	11076
57771.526923425925	13.333333348855376	1.456652641360227	0.1434213649649619	0.04284629406705924	0.14348814619037872	1.4572826501736056	0.1434214227072959	11076
57771.526946574086	13.366666700458154	1.5043915033589086	0.1434751327001515	-0.0747690177779191	0.14365945115073156	1.5062483863553022	0.14347558716171488	11076
57771.52696972221	13.399999999674037	1.3871576440234032	0.14259021308563155	-0.07438495772088244	0.1436735027938353	1.3891506222536476	0.14259333095578877	11076
57771.526992870364	13.433333340799436	1.4239738240281148	0.14308809546600454	-0.0424831427940408	0.14299515805202748	1.4246074087056093	0.14308801284460942	11076
57771.52701601852	13.466666681924835	1.5573451733665808	0.14107700826795336	-0.06829982648373088	0.14326200442829287	1.5588421521455895	0.14108123523931124	11076
57771.52703916668	13.500000033527613	1.2070974018046878	0.14296886936439515	-0.0338017520607688	0.1422990147753439	1.2075705759441167	0.14296834574453074	11076
57771.5270623148	13.533333332743496	1.4953502316000555	0.1427622222199527	0.19987452494449295	0.13960086450114562	1.5086491112475844	0.14270733639901187	11076
57771.52708546296	13.566666684346274	1.3956189685814928	0.14232663382072008	0.1535425031806736	0.14185355363077817	1.4040397450739979	0.14232098549890945	11076
57771.527108611095	13.599999994039536	1.2778076214383636	0.1444551956236503	0.02015266112207299	0.1432916399961637	1.2779665281830621	0.1444549074456497	11076
57771.52713175927	13.633333366597071	1.3483900595318339	0.1418527461416994	0.051030339666380535	0.14163306677294837	1.3493553454189628	0.1418524321937946	11076
57771.527154907395	13.666666665812954	1.1908446838621356	0.1408761165118257	-0.0636856493630195	0.1422887243500241	1.1925464028781014	0.14088016525213726	11076
57771.527178055556	13.700000017415732	1.4188797094224141	0.1434560667011722	0.09192951241702188	0.14241001557328664	1.4218546568000072	0.14345170984998915	11076
57771.52720120369	13.733333327108994	1.3997036265204847	0.14150466646296284	0.27582192811999223	0.14218318474154157	1.4266211754093752	0.14153008805650355	11076
57771.52722435186	13.76666669966653	1.3955077202841935	0.141852837101413	-0.22013502200323917	0.14233464416948902	1.4127636834535184	0.14186455450501334	11076
57771.527247499995	13.800000009359792	1.4769145131114578	0.14042676938252352	0.028881226504653728	0.14090972168035804	1.477196873908034	0.14042695431135357	11076
57771.52727064815	13.83333335048519	1.1943382646964895	0.14224877502015296	-0.10931903205457057	0.14238779638761262	1.1993308723148797	0.14224993061471566	11076
57771.52729379628	13.866666660178453	1.434882885833121	0.1410904406623723	0.010839752819059125	0.1416716485944942	1.4349238294411184	0.14109047389817256	11076
57771.527316944455	13.900000032735988	1.4538159234851997	0.14126896785503595	-0.0425997489838194	0.14164139864622013	1.4544399190040846	0.14126928777378275	11076
57771.52734009259	13.93333334242925	1.4373068096181179	0.14236332391334974	0.18261322594155469	0.1420998755003131	1.4488610890155735	0.14235914261748595	11076
57771.52736324074	13.96666668355465	1.3241954053970484	0.14017904269873938	0.04232226638511922	0.14190408400126345	1.3248715582676784	0.14018081383125613	11076
57771.52738638887	13.999999993247911	1.4004832007863455	0.14260149326963206	-0.04160626270961483	0.14179246374636964	1.4011010944187534	0.14260078187559946	11076
57771.52740953705	14.033333365805447	1.4924539576706999	0.14224098017213865	-0.2257631131828748	0.1403700161977334	1.5094329395640467	0.14219939470703022	11076
57771.52743268518	14.066666675498709	1.3534578751051887	0.14017165181845395	0.17399243904420192	0.1410467587246984	1.3645957601168204	0.14018592251869758	11074
57771.52745583333	14.100000016624108	1.387529357100549	0.14057219726056483	-0.0435586752709065	0.14446660627475164	1.388212906944471	0.14057608455364384	11076
57771.527478981465	14.13333332631737	1.5465418681569894	0.14124560755020882	0.09757542224140749	0.14215773322864875	1.5496169568600169	0.1412492356671919	11076
57771.52750212964	14.166666698874906	1.1363192641038857	0.14330741012431208	0.13912664903816133	0.14345740598022047	1.144804653399952	0.14330962658994756	11076
57771.52752527777	14.200000008568168	1.578648757566996	0.14254961915193964	-0.13819008885850242	0.1421851235251564	1.5846855840912233	0.14254685088145802	11076
57771.527548425925	14.233333349693567	1.6568260050112626	0.14219102330086048	-0.05497829368781111	0.14207261780411481	1.6577379236955412	0.14219089312154898	11076
57771.52757157406	14.266666659386829	1.3619775839968127	0.1430246677924597	-0.0818356082672964	0.13989867837089767	1.3644339507980126	0.14301354505134553	11076
57771.52759472223	14.300000031944364	1.41006005986885	0.14394989527354754	-0.09925547574094451	0.14409022787226794	1.4135490871922014	0.14395058751296322	11076
57771.527617870364	14.333333341637626	1.5577940028133455	0.1453429034525859	-0.1040450538760757	0.142958312734927	1.5612647208072374	0.14533239976065299	11076
57771.52764101852	14.366666682763025	1.5713395175735136	0.14176493924657188	-0.09955303596291587	0.14269634526226577	1.5744899766138862	0.1417686750745346	11076
57771.52766416665	14.399999992456287	1.3243111524492963	0.1407694925479243	-0.12399763734697236	0.14099037047734347	1.3301035458073234	0.14077141362975165	11076
57771.527687314825	14.433333365013823	1.4407249060239664	0.1421224144704272	0.08212861270178856	0.140713890323775	1.4430638807281149	0.14211787472316484	11076
57771.52771046296	14.466666674707085	1.6182862764505621	0.14205757192029717	0.17176363163861816	0.14135837464538242	1.6273761758431615	0.14204980179496354	11076
57771.52773361112	14.500000026309863	1.4064227260936346	0.1420188261708175	-0.013614393130409963	0.14189713516541158	1.406488619283128	0.1420188147736608	11076
57771.52775675924	14.533333325525746	1.7150707521482216	0.1409552981269222	-0.31532866576405877	0.1405235204428763	1.7438176086755197	0.14094120066211543	11074
57771.52777990742	14.566666698083282	1.49982919271474	0.14316416375642815	-0.12643431267699778	0.14209977475594474	1.5051489104874154	0.14315668093722536	11076
57771.52780305555	14.600000007776543	1.3571688433246851	0.14197251223197846	-0.11396730632655912	0.14068375115588058	1.3619455995753265	0.14196352860837458	11076
57771.52782620371	14.633333359379321	1.4784609667995063	0.14332097038267416	-0.1266504713282762	0.14194719530617728	1.4838757266824623	0.14331101030197627	11076
57771.527849351834	14.666666658595204	1.516795450565525	0.1399538074037041	-0.0867076703489237	0.1393329267464507	1.5192717528321298	0.13995178954401616	11076
57771.52787250001	14.70000003115274	1.3797008891726332	0.14107786452963617	-0.011963458686881792	0.14014015711732267	1.3797527560862155	0.14107779426566347	11076
57771.52872898148	15.933333348948509	1.4904941535284877	0.2055458560842666	0.031646641106765794	0.22552852713726065	1.490830081396248	0.20555529791060445	5666
57771.528752129634	15.966666690073907	1.8233576345986418	0.2478440759198255	0.14525118432776002	0.1623090686910486	1.8291339399283395	0.24739737041270884	9852
57771.528775277766	15.99999999976717	1.4962274357048264	0.15166606882929493	0.003829823326761729	0.14936352990991067	1.4962323372065431	0.1516660538580753	9850
57771.52879842592	16.03333334089257	1.7910714574822089	0.1478482221354072	-0.03426435409756217	0.15146267234911306	1.7913991771152422	0.14784956063135923	9850
57771.52882157407	16.066666682017967	1.7678322976051557	0.14947139709222781	0.10835727271301439	0.15092607952666337	1.7711500024011875	0.1494768681824953	9850
57771.528844722234	16.100000033620745	1.528465617273657	0.15085086252961225	0.018700138868254192	0.14910742507291447	1.528580007190148	0.15085060310980564	9850
57771.52886787036	16.133333332836628	1.432171573356286	0.14851809771823776	0.035363757899561275	0.15015602377405954	1.4326081149088186	0.1485191012775597	9850
57771.52889101852	16.166666684439406	1.2883777452558323	0.15028818444438632	-0.0164610693874702	0.14934921220086625	1.2884828991010635	0.15028803166916202	9850
57771.52891416665	16.199999994132668	1.7637454442891254	0.15082592175190063	-0.08857924568401924	0.14963574540593436	1.7659683675016928	0.1508229391395441	9850
57771.528937314826	16.233333366690204	1.6921418780398176	0.15075805450101282	0.07753241709560259	0.15020661775428176	1.693917179532933	0.15075690135403194	9850
57771.52896046295	16.266666665906087	1.4683306155561933	0.14907990825032896	0.18111976629059906	0.14897769292681837	1.4794590789612232	0.14907837682752006	9850
57771.52898361111	16.300000017508864	1.7016922424589187	0.15087910369025698	0.1098943296064964	0.15145824072017952	1.705237007493247	0.1508815135492897	9850
57771.52900675924	16.333333327202126	1.4874545252427276	0.15032025977040056	-0.11545231108954243	0.14887409592549666	1.4919283497544327	0.15031164100296648	9850
57771.52902990742	16.366666699759662	1.3267830780147594	0.15725942785187058	-0.12249408190551234	0.15544411949822368	1.332425658792337	0.1572441732165121	9852
57771.52905305554	16.399999998975545	1.562646393140085	0.15076339690492807	-0.1385090856950257	0.1504764830340583	1.5687729334781975	0.15076116241876986	9850
57771.529076203704	16.433333350578323	1.337737427884223	0.18526242945436192	-0.33439303080797955	0.1946883946335217	1.3788981561432456	0.1858300017372976	9860
57771.529099351836	16.466666660271585	1.1340871311671898	0.1730455733597936	-0.17730006890041353	0.1817568052339427	1.1478627685882656	0.17325850801859946	10084
57771.52912250001	16.50000003282912	1.6559606295003462	0.1624063609832053	0.09349121188777085	0.1569932332167926	1.6585976646418585	0.1623894475527683	10250
57771.52914564814	16.533333342522383	1.5503642714611732	0.15023648312133792	0.13655236293944484	0.1494112113819037	1.5563662557533429	0.1502301475396602	10250
57771.529168796296	16.56666668364778	1.7216479600510173	0.1497335239163607	-0.2050558276241093	0.1489064185443842	1.733816481289308	0.14972198634488262	10250
57771.52919194443	16.599999993341044	1.513095561590649	0.14654681828473082	-0.2990875378054604	0.1468268332641363	1.5423720477809024	0.14655735726784372	10250
57771.5292150926	16.63333336589858	1.308333404189608	0.14673861152375559	-0.1775885113371147	0.14950099452924792	1.3203310099657966	0.146789047690318	10250
57771.529238240735	16.66666667559184	1.5745550617092918	0.14713721999417861	0.10469896971592281	0.1468323201304181	1.578032165899646	0.14713587920000704	10248
57771.52926138889	16.70000001671724	1.4188339963714314	0.14622237953194978	0.03195325955339538	0.14665543783836932	1.419193757052015	0.1462225993865886	10250
57771.52928453702	16.733333326410502	1.457777273022733	0.14921258001070054	0.09322678606731835	0.14678086968754278	1.4607552195292808	0.14920275576236378	10250
57771.529307685196	16.766666698968038	1.3994164406157816	0.14783540614800625	-0.16033317220736346	0.1474311324583642	1.408571297583413	0.1478301752284488	10250
57771.52933083333	16.8000000086613	1.501449969425295	0.1470021993042826	0.3460128772153621	0.14676164652788376	1.5408039855497755	0.1469900776321113	10250
57771.52935398148	16.8333333497867	1.405502201943621	0.1456555356792931	0.27424521118551204	0.14744843051010664	1.4320079872425828	0.1457216823732209	10250
57771.52937712961	16.86666665947996	1.5606380978253718	0.14937625924115436	0.29075435142793293	0.1486464895377074	1.5874915323422272	0.14935183681607342	10250
57771.52940027779	16.900000032037497	1.307579098017785	0.14804433720957558	-0.05789441686760031	0.14910960298680956	1.3088601380886515	0.14804642891965875	10250
57771.52942342592	16.93333334173076	1.4586705628523284	0.14839555488199901	0.021379591959002162	0.14839070930465162	1.4588272337340915	0.1483955538412895	10250
57771.52944657407	16.966666682856157	1.304470721602952	0.14757907798117725	0.006116726360056933	0.14715418955913184	1.304485062337124	0.14757906865273418	10250
57771.529469722205	16.99999999254942	1.5399035361922135	0.14633000918388855	-0.16745359494073447	0.14799544361516093	1.5489814741422376	0.1463495822752626	10250
57771.52949287038	17.033333365106955	1.2918093240927655	0.14506550628915713	0.14092716833048424	0.14680884111585635	1.2994736613670383	0.1450861318703396	10250
57771.52951601851	17.066666674800217	1.4963758080739809	0.14751673789238534	0.13756117372890234	0.14794232551143013	1.502685474577675	0.14752030951297174	10250
57771.52953916667	17.100000026402995	1.3321415771446021	0.1478573647694126	0.10996549883813674	0.14792586825392517	1.3366725823820986	0.1478578285103053	10250
57771.5295623148	17.133333325618878	1.4986453343861839	0.1480570259728113	0.21722803290017834	0.14759492947013728	1.5143070549116378	0.14804753147074776	10250
57771.52958546297	17.166666698176414	1.4938986497442397	0.1473104682885711	-0.03480019950549121	0.14718379527993702	1.494303928119472	0.14731039961604678	10250
57771.529608611105	17.200000007869676	1.2106246579577047	0.14656796850914144	-0.06858411365120197	0.1463051857432105	1.212565809801897	0.1465671285753605	10250
57771.529631759266	17.233333359472454	1.102101513291452	0.1475176450399132	-0.023058874519441573	0.1472694578272965	1.1023427131765384	0.1475175365330985	10250
57771.52965490739	17.266666658688337	1.4971835434910197	0.14754947592616177	-0.17361681184163263	0.1468449613387213	1.5072164278080233	0.14754014987135144	10250
57771.529678055565	17.300000031245872	1.3226453001324505	0.14825216745009318	-0.03318533504942785	0.14714987499202523	1.3230615467259272	0.14825147655419646	10250
57771.5297012037	17.333333340939134	1.5049107420990921	0.14757629765690025	-0.09641248822368097	0.14936541044823146	1.5079959249184733	0.14758365494458192	10250
57771.52972435186	17.366666692541912	1.4644405819444253	0.14705269873166957	0.12445404781024585	0.14811843853524634	1.4697193705133242	0.14706036810663844	10250
57771.52974749998	17.399999991757795	1.401632418013154	0.14941960475786273	-0.08403803377314989	0.146581254381198	1.4041495028471356	0.14940953402448576	10250
57771.52977064814	17.433333343360573	1.6358186278334192	0.14485053007532933	0.4337557932441475	0.14926909510339084	1.6923494530798509	0.1451449210929852	10250
57771.5297937963	17.466666684485972	1.2867031237956847	0.1483445993436449	-0.12969671809899364	0.14700368493267232	1.2932231700179297	0.1483311727931835	10250
57771.52981694445	17.50000002561137	1.3332798852272996	0.1490187351511015	-0.1884386023509058	0.14689292011624686	1.3465304895202648	0.14897739383591307	10250
57771.52984009258	17.533333335304633	1.4524415149250414	0.1457007054485978	-0.05356041637206797	0.1469442343699132	1.4534287297558481	0.14570240135991944	10250
57771.529863240736	17.56666667643003	1.4323330014189597	0.14824964152583903	-0.2081267451813203	0.14848310149917765	1.4473750616248768	0.14825447256761784	10250
57771.52988638889	17.60000001755543	1.3666341905200994	0.14574289429789553	-0.05660014352855399	0.14733204417380494	1.3678057562921646	0.14574563024873569	10250
57771.52990953704	17.63333335868083	1.670777557565454	0.15112890884075636	0.355057912905439	0.149698354989653	1.7080877519557214	0.1510673755248566	10250
57771.529932685175	17.66666666837409	1.3421044204100043	0.28794747436661916	0.6367106181748183	0.2923818926529928	1.485477932040942	0.2887672630734226	10188
57771.52995583333	17.70000000949949	1.4155027581040338	0.16648476514714278	-0.15398962838658473	0.1694613869710341	1.4238542284415092	0.16651988841480578	9862
57771.52997898148	17.73333335062489	1.4821457574691412	0.14844465003632165	-0.12810693437424667	0.15212361928938156	1.487671816301748	0.14847226632752816	9850
57771.530002129635	17.766666691750288	1.6415037222890392	0.15046580142296934	0.010411765605243569	0.1490097189219494	1.6415367419438986	0.1504657431285278	9850
57771.53002527777	17.80000000144355	1.419827736642716	0.14540106379263576	-0.05112754704648058	0.1453819576595342	1.4207479818064033	0.14540103905147223	10660
57771.53004842592	17.83333334256895	1.4755039459269752	0.14225342961432721	0.09567660632316993	0.14537784813171764	1.4786026874869371	0.1422666547740881	10660
57771.530071574074	17.866666683694348	1.4976067206484052	0.144367696940452	0.12168555903629222	0.14268225982780605	1.5025422672954147	0.14435670659778738	10660
57771.53009472223	17.900000024819747	1.4226756097562856	0.1436355330863595	0.060212362942349607	0.1428708722196659	1.4239492333810642	0.14363416945900362	10660
57771.53011787036	17.93333333451301	1.1320540790000007	0.1425076765440393	0.033796114028606494	0.14551904968793558	1.1325584378317854	0.14251038634423932	10660
57771.53014101851	17.966666675638407	1.6065072612886504	0.14487501255563376	-0.12947487670001268	0.14244423004522844	1.6117162666765026	0.14485945632101013	10660
57771.53016416667	18.000000016763806	1.3279217812420132	0.1441693640822728	0.06214589063861324	0.14612147153124827	1.3293751798571491	0.14417365902421572	10660
57771.53018731482	18.033333357889205	1.268910872666586	0.14530767148926482	0.040383560241170596	0.14516392338614928	1.269553320939782	0.14530752611257153	10660
57771.53021046295	18.066666667582467	1.5898239005424022	0.14361170694659958	0.11615011296524255	0.14364294060455945	1.5940611291533635	0.14361187279036625	10660
57771.530233611105	18.100000008707866	1.4557071668945591	0.14408319579558843	-0.20666905874962185	0.14345639137602684	1.4703045451853296	0.14407083799124665	10660
57771.53025675926	18.133333349833265	1.5233790661952367	0.14357004921756794	0.0005911929636566487	0.14200750448590221	1.523379180910318	0.14357004898351983	10660
57771.53027990741	18.166666690958664	1.5387394387935893	0.14427235761869928	0.015240359849486696	0.14354188759078945	1.5388149105942377	0.14427228614943016	10660
57771.530303055544	18.200000000651926	1.366643196184939	0.1436048675553523	-0.031929404411474904	0.14501701296978295	1.367016134705314	0.143605641736692	10660
57771.5303262037	18.233333341777325	1.530106438156548	0.14334320389233426	0.12197834743640094	0.1447124173309758	1.5349607256641562	0.1433518914599772	10660
57771.53034935185	18.266666682902724	1.4099856522676053	0.14406565287477022	-0.04864920048613417	0.14239022740191504	1.410824682343077	0.1440636722568212	10660
57771.530372500005	18.300000024028122	1.4810991684142552	0.14415863981844415	-0.1131521322855221	0.14484100651908322	1.4854151445700823	0.14416260870126169	10660
57771.53039564814	18.333333333721384	1.0644316059958838	0.14528893199748932	-0.05016385629181156	0.14348637155213625	1.0656129955668905	0.14528496212913006	10660
57771.53041879629	18.366666674846783	1.3873868016985313	0.145415885888649	0.14056127730067516	0.14411193718900953	1.394489014013261	0.14540269634245392	10660
57771.530441944444	18.400000015972182	1.1955206025038596	0.1450105182189572	-0.16569551829025558	0.14519760252321853	1.2069484312897	0.14501404644356788	10660
57771.5304650926	18.43333335709758	1.309413254415812	0.14489622482937398	-0.270078862104833	0.14514931194395195	1.3369763134011199	0.14490656118467407	10660
57771.53048824073	18.466666666790843	1.325942876120117	0.1440253693436548	-0.0011760662638090086	0.1435841503726063	1.3259433976854158	0.14402536899707596	10660
57771.53051138888	18.500000007916242	1.504476673852775	0.14438450593306795	0.12522243164934707	0.14492250662559628	1.5096790120933936	0.14438821428260445	10660
57771.530534537036	18.53333334904164	1.5844487801780527	0.14433854438554777	0.11651679276117378	0.14343329743549801	1.5887271949592445	0.1443336905088884	10660
57771.53055768519	18.56666669016704	1.6121669823755078	0.14314451194572597	0.06813124156243298	0.1439974522802271	1.613605975800347	0.14314603707243545	10660
57771.53058083332	18.5999999998603	1.8281883436413187	0.14110711822435218	-0.10612487921585056	0.14457956235019406	1.8312659855451274	0.1411189230543092	10660
57771.530603981475	18.6333333409857	1.4051648885843555	0.14402169433526274	0.023948187218984143	0.14287879779194826	1.4053689479212779	0.14402136377900612	10660
57771.53062712963	18.6666666821111	1.517408603433143	0.1464314539224637	-0.2071131096859634	0.1432826187850712	1.5314779495561506	0.14637447249375418	10660
57771.53065027779	18.700000033713877	1.2593244972522224	0.1715405110159934	-0.042625351135981884	0.1942659608046349	1.2600456777192757	0.17156823754096756	10672
57771.53150675925	19.933333341032267	1.6559337916243533	0.15831712698379052	0.12449384302220685	0.16108372245096467	1.6606069490381656	0.15833281125578588	9072
57771.531529907414	19.966666692635044	1.5177310663798564	0.14535451450709083	0.0025516909197050982	0.1443998309867288	1.5177332113981976	0.1453545118174386	10660
57771.53155305554	19.999999991850927	1.4642658711116152	0.14548229006568705	0.07112872725216035	0.14469501437333399	1.465992441025113	0.14548044173560262	10660
57771.5315762037	20.033333343453705	1.505228722027273	0.14355661988160076	0.15792759383014535	0.1445472109776395	1.5134908755948406	0.1435674424486753	10660
57771.53159935185	20.066666684579104	1.2770288546911746	0.14472842446171544	-0.03644960431500285	0.14512408532038862	1.2775489303226601	0.14472874697409635	10660
57771.531622500006	20.100000025704503	1.3476420704131307	0.14407062892916644	-0.25657098119016314	0.14283092866585645	1.3718483219132764	0.14402744599774792	10660
57771.53164564813	20.133333324920386	1.418692078122141	0.14721390530278045	0.06297244116834631	0.1449470980126534	1.4200889904767307	0.14720948212413118	10660
57771.53166879629	20.166666676523164	1.2539049340041404	0.14538992593430156	-0.01100358682837135	0.1462353958099338	1.2539532138174123	0.1453899912270341	10660
57771.531691944445	20.200000017648563	1.242219612274897	0.14338721562979362	0.1655308648725756	0.14502802449626195	1.2531999171504355	0.14341600349304948	10660
57771.5317150926	20.23333335877396	1.2962354647749215	0.1447579463487199	-0.0988814848756943	0.14545078443983886	1.3000015108419984	0.14476196431269991	10660
57771.53173824073	20.266666668467224	1.4588033692685387	0.14479218296195115	0.18474852905062228	0.14520241471810563	1.4704554699737116	0.1447986677019959	10660
57771.531761388884	20.300000009592623	1.5029160567200985	0.14673491275537237	0.14536377243295384	0.14466076556921048	1.5099295678550804	0.14671582361087612	10660
57771.53178453704	20.33333335071802	1.2948463147774858	0.14593988495334026	0.08532091350356942	0.14428693387342387	1.29765428260917	0.1459327794130869	10660
57771.53180768519	20.36666669184342	1.0581596905308583	0.14546509518492667	0.28702496139254735	0.14570782282491346	1.0963964881039867	0.14548174312994278	10660
57771.53183083332	20.400000001536682	1.3792984840321645	0.14439006874116253	0.013072078871354122	0.14456345178771457	1.3793604269006148	0.14439008432236863	10660
57771.531853981476	20.43333334266208	1.3178633667611699	0.1429391857978409	-0.05481924708268388	0.1459096966542159	1.3190030338485952	0.14294437006297486	10660
57771.53187712963	20.46666668378748	1.2202682767794615	0.1440309536809172	-0.14448573831385678	0.14640310877699972	1.2287924136689714	0.14406401710848946	10660
57771.53190027778	20.50000002491288	1.3361744554491524	0.14480281695896557	0.009465798620713107	0.14443323102645206	1.3362079840871954	0.1448027984352856	10660
57771.531923425915	20.53333333460614	1.3911048841304594	0.14528110730246668	-0.06604127281919256	0.14325209658986493	1.3926716225899047	0.14527657643675626	10660
57771.53194657407	20.56666667573154	1.3121446227352571	0.14500101531907425	0.10787590527215515	0.1453690262227292	1.3165715787268601	0.14500348913684435	10660
57771.53196972222	20.60000001685694	1.3758060769512337	0.1445039388804827	-0.11294961763107356	0.14377876899968603	1.3804347059890045	0.14449909611165657	10660
57771.531992870376	20.633333357982337	1.2296606024378443	0.14603563426549537	0.16262056928454316	0.14520959459745078	1.2403671419149376	0.1460214749457549	10660
57771.53201601851	20.6666666676756	1.2850587466322192	0.14423744321408166	0.07686227853214231	0.1452360881106945	1.287355348051626	0.1442410154175149	10660
57771.53203916666	20.700000008801	1.4422710767994462	0.14462509833324566	0.14776958590095707	0.14428540323329342	1.4498212681187894	0.14462157360677766	10660
57771.532062314815	20.733333349926397	1.3141267295895736	0.14321715825481846	-0.16949901569504386	0.14509321999137187	1.3250128217279171	0.1432480562078108	10660
57771.53208546297	20.766666691051796	1.274424055379271	0.14410154366676087	-0.29051928398475546	0.14430082222089982	1.3071182529887502	0.1441113943438146	10660
57771.5321086111	20.800000000745058	1.5131239536066854	0.14415661412289527	0.15813121888285878	0.14270098739631135	1.521364381521963	0.14414096665265186	10660
57771.53213175925	20.833333341870457	1.4001173047160878	0.14501543673640832	-0.07329432825505922	0.14519929252304561	1.402034423799859	0.14501593951312125	10660
57771.53215490741	20.866666682995856	1.1489078785693323	0.14332188733120055	-0.34366847016279023	0.14316178967099163	1.1992069591287051	0.14330874557628984	10660
57771.53217805556	20.900000024121255	1.5509543847762788	0.14489890381145237	-0.13202547521012048	0.14514305410655814	1.5565635964396776	0.14490066174353303	10660
57771.53220120369	20.933333333814517	1.406655549405534	0.1452468280888665	-0.0998432386457423	0.143402503924332	1.410194492606128	0.14523764129045555	10660
57771.532224351846	20.966666674939916	1.540093429477104	0.14489407024189999	0.011058842341340986	0.1450582477045387	1.5401331336973691	0.14489407871148846	10660
57771.5322475	21.000000016065314	1.437165039829083	0.14365162586926206	-0.11941197935590289	0.14407307054908272	1.4421173920734136	0.14365451966162385	10660
57771.53227064815	21.033333357190713	1.3830321768242073	0.1443426635011822	-0.2414099692059862	0.14394261409775552	1.4039432949243857	0.14433085103933968	10660
57771.532293796285	21.066666666883975	1.565604828576622	0.14264831740727046	0.14957017181552593	0.14596979829330828	1.572733199102556	0.14267870472150165	10660
57771.53231694444	21.100000008009374	1.3497013110859926	0.14385376885520978	0.06038259198034958	0.14574158701570425	1.3510513263978954	0.14385756440409964	10660
57771.53234009259	21.133333349134773	1.6789929691219938	0.14318066382325872	0.09596989222241827	0.1434851879368933	1.6817335135431746	0.14318165656762988	10660
57771.532363240745	21.166666690260172	1.266629276131177	0.14338652361711396	0.059348167543731706	0.1455253457781084	1.2680188989693286	0.14339124378836568	10660
57771.53238638888	21.199999999953434	1.4109695169050542	0.14513502708657564	-0.052650901165550754	0.1429717292165478	1.4119515200702986	0.14513204140116512	10660
57771.53240953703	21.233333341078833	1.1556875868788692	0.14575269714947786	-0.17913015087537876	0.1447703334381479	1.1694876696308258	0.14572972579545324	10660
57771.532432685184	21.26666668220423	1.4766663935701705	0.14398944660058569	0.1618636184919998	0.1434109204200537	1.485511181004996	0.14398259161327412	10660
57771.532455833345	21.30000003380701	1.2024648605498367	0.1456933461846351	0.03680502420311427	0.1443681899908404	1.203027992468891	0.14569211151124054	10660
57771.53247898147	21.333333333022892	1.3557400194921048	0.1424901222693516	-0.009438216650652094	0.1455793003375252	1.35577287197598	0.1424902736014745	10660
57771.53250212962	21.36666667414829	1.315278165128724	0.14449292890770635	-0.06578283041932369	0.14571805058635334	1.3169221816198406	0.14449599875481542	10660
57771.53252527778	21.40000001527369	1.3934528325955942	0.1446207455243541	0.012341760777086786	0.1434575890981738	1.3935074867856878	0.14462065465364807	10660
57771.53254842594	21.433333366876468	1.3519653223462376	0.14368308872883379	-0.2530162967400597	0.1451214327259677	1.375437195673732	0.14373199591265343	10660
57771.53257157406	21.46666666609235	1.2627500326882806	0.14679569577839216	0.04364529577595544	0.14696008087934886	1.2635040787024094	0.146795892036156	10660
57771.53259472222	21.50000001769513	1.36828801123367	0.14382168901233083	-0.18226726282632888	0.14534883787522282	1.3803743828338724	0.1438484538227655	10660
57771.532617870354	21.53333332738839	1.3500621617442163	0.1457656096432702	-0.016728578366772693	0.1462411277369344	1.350165799414146	0.14576568276031085	10660
57771.53264101853	21.566666699945927	1.1965819286843218	0.14535678009638844	0.22401964928468804	0.14419353861835602	1.2173713958030745	0.1453175415148712	10660
57771.532664166654	21.59999999916181	1.5016487070675077	0.14381022048887973	0.029841632270479895	0.14610105413255298	1.501945192892898	0.14381113202632137	10660
57771.532687314815	21.633333350764588	1.0925355328305055	0.1454580056515696	0.21372421698165392	0.14449929052481614	1.1132438777831466	0.14542278191518948	10660
57771.53271046295	21.66666666045785	1.3130107694845052	0.14407964629270295	0.0766328218322852	0.14329977254949977	1.3152451749252956	0.14407700590615086	10660
57771.53273361112	21.700000033015385	1.5227653607382472	0.1440245453958461	-0.10748752633323139	0.14487617912212442	1.526554261132411	0.14402878007230513	10660
57771.532756759254	21.733333342708647	1.315115334851939	0.14293995062910916	0.08025478697851894	0.14403996469207048	1.3175618295911944	0.14294404757074033	10660
57771.53277990741	21.766666683834046	1.4289911058492037	0.1445257473820101	0.15264466024819218	0.14452208179832712	1.4371207231469514	0.14452570602830536	10660
57771.53280305554	21.799999993527308	1.3250387417951024	0.1451303997496369	-0.24291015953505965	0.14453560122090137	1.347120266666379	0.1451110984514274	10660
57771.532826203715	21.833333366084844	1.390188565668174	0.1436867726989553	0.057665589473978464	0.14354482004305022	1.3913840477466732	0.14368652899154022	10660
57771.53284935185	21.866666675778106	1.1446826056251052	0.14654003630060725	-0.06826511309348283	0.14464493101728118	1.146716352585218	0.14653336344838455	10660
57771.5328725	21.900000016903505	1.2661868531385179	0.14551214763531173	0.14119486327164255	0.14453979972896103	1.2740349824377353	0.14550024450811538	10660
57771.53289564813	21.933333326596767	1.317341868377157	0.14452367521785006	-0.02184453043529267	0.14461668890544155	1.317522971977854	0.14452370079520263	10660
57771.53291879631	21.966666699154302	1.5229234270686482	0.14514662299084477	0.2804374240355591	0.14391518982791188	1.5485286285743045	0.14510640148981255	10660
57771.53294194444	22.000000008847564	1.1614404504122215	0.1435370123018725	0.09089211772242864	0.1449503167023504	1.1649915437108598	0.14354565724969798	10660
57771.53296509259	22.033333349972963	1.4164988142862318	0.14620398990330258	-0.19298976249104172	0.144999345671559	1.429585233310924	0.14618212503618785	10660
57771.532988240724	22.066666659666225	1.694081698946361	0.14429226149556576	-0.11063430087936633	0.14389242428087426	1.69769041678277	0.14429056580647795	10660
57771.5330113889	22.10000003222376	1.1750034345297047	0.14373007579323413	0.16547975883487562	0.14587170031775615	1.1865987618991731	0.1437720309644666	10660
57771.53303453703	22.133333341917023	1.5262715172353065	0.14461075837618118	-0.2761968641876665	0.1439722703571448	1.5510607506190286	0.1445905559677217	10660
57771.533057685185	22.166666683042422	1.2362769313055266	0.14503744916723346	0.03129646495824908	0.14361646331239927	1.236673004313223	0.14503654356138243	10660
57771.53308083332	22.199999992735684	1.2773178785928487	0.14358242680210626	0.03514545547819771	0.14463113631193067	1.2778013014603269	0.14358322305098056	10660
57771.53310398149	22.23333336529322	1.4715542703846547	0.14474842070473884	0.07146069339862182	0.1429055770896062	1.4732883632840943	0.1447441126574253	10660
57771.53312712962	22.26666667498648	1.3722330135397747	0.14445960920495785	0.16418629248904631	0.14500942744224052	1.3820204709372976	0.14446738380362362	10660
57771.53315027778	22.30000001611188	1.3505021294960162	0.14490247341081522	-0.29936429951934734	0.14664253129813903	1.3832841304663275	0.14498443642522751	10660
57771.53317342591	22.333333325805143	1.4840600442537617	0.14523408086620876	0.127133700912378	0.1433420716082132	1.489495616931502	0.1452203862913033	10660
57771.533196574084	22.36666669836268	1.3677528700463824	0.14662908781630113	0.11926517810199037	0.14431515175926282	1.3729428597825242	0.14661176338283044	10660
57771.533219722216	22.40000000805594	1.2071284519973753	0.1472680478692439	-0.24871182178783613	0.14467084994139953	1.232483943067253	0.14716317975477364	10660
57771.53324287038	22.433333359658718	1.5273100653090577	0.145923001171835	0.01196182249581974	0.14583640138745052	1.527356906813787	0.14592299586174878	10660
57771.5332660185	22.4666666588746	1.0830529681597552	0.14392773685790564	-0.06342607862956783	0.1444963231701718	1.0849085672488625	0.14392968401011785	10660
57771.53328916668	22.500000031432137	1.2935623456848027	0.14747337472323563	-0.06305407239725792	0.14446364839391865	1.2950982040831682	0.14746631311132094	10660
57771.53331231481	22.5333333411254	1.017099108015196	0.14435454200005177	-0.06362494130876815	0.14297287092024413	1.0190872036689755	0.14434918204143415	10660
57771.53333546297	22.566666692728177	1.4839546802453112	0.14508712923730518	-0.12946646601447623	0.14301140012840538	1.4895915745076707	0.14507156039541091	10660
57771.533358611094	22.59999999194406	1.2380887916655416	0.14395156560658004	-0.1422216545258925	0.1434458543884901	1.2462306588524947	0.14394499079103432	10660
57771.53338175927	22.633333364501595	1.1660374821312642	0.14555789229281782	-0.24527801834377705	0.14490190969528205	1.1915555866251766	0.14553015636978323	10660
57771.5334049074	22.666666674194857	1.1976544086236183	0.1449472826194111	0.06946527992694196	0.14498291326615106	1.1996672487031215	0.1449474020982179	10660
57771.53342805556	22.700000025797635	1.4089763264874153	0.30416156343642536	0.08155606603509796	0.2978350222534545	1.41133471597247	0.3041406563528605	2626
